#  65 node graph
1 2
1 3
1 4
1 6
1 12
1 13
1 14
1 17
1 18
1 19
1 22
1 23
1 26
1 27
1 31
1 39
1 44
1 45
1 47
1 48
1 49
1 50
1 51
1 52
1 54
1 56
1 57
1 62
1 64
1 65
2 4
2 6
2 7
2 9
2 10
2 11
2 13
2 14
2 16
2 17
2 19
2 26
2 29
2 33
2 37
2 39
2 42
2 45
2 51
2 52
2 54
2 55
2 56
2 57
2 58
2 59
2 60
2 61
2 62
2 65
3 6
3 8
3 9
3 11
3 12
3 13
3 14
3 15
3 19
3 21
3 23
3 24
3 27
3 30
3 31
3 32
3 35
3 37
3 39
3 40
3 47
3 48
3 50
3 54
3 56
3 58
3 60
3 62
3 63
4 5
4 6
4 7
4 8
4 9
4 11
4 12
4 13
4 14
4 15
4 16
4 17
4 18
4 20
4 23
4 24
4 25
4 26
4 27
4 32
4 36
4 37
4 38
4 40
4 43
4 45
4 48
4 49
4 51
4 53
4 54
4 56
4 57
4 58
4 59
4 60
4 63
4 64
5 6
5 9
5 15
5 18
5 19
5 21
5 22
5 24
5 28
5 29
5 30
5 33
5 36
5 38
5 40
5 46
5 49
5 52
5 53
5 55
5 59
5 62
5 63
6 8
6 9
6 13
6 14
6 15
6 18
6 20
6 22
6 24
6 26
6 31
6 33
6 34
6 35
6 36
6 38
6 41
6 42
6 45
6 49
6 50
6 52
6 53
6 55
6 57
6 60
6 62
6 63
6 64
6 65
7 8
7 10
7 11
7 12
7 15
7 17
7 18
7 20
7 22
7 23
7 24
7 25
7 26
7 27
7 33
7 39
7 40
7 43
7 44
7 46
7 50
7 51
7 55
7 56
7 58
7 59
7 60
7 61
7 62
7 64
7 65
8 10
8 11
8 13
8 14
8 15
8 19
8 20
8 21
8 27
8 28
8 29
8 30
8 31
8 37
8 40
8 41
8 43
8 44
8 45
8 47
8 50
8 51
8 57
8 58
8 59
8 64
8 65
9 11
9 14
9 21
9 23
9 29
9 32
9 40
9 43
9 45
9 48
9 49
9 50
9 51
9 53
9 55
9 58
9 60
9 65
10 13
10 14
10 16
10 18
10 20
10 23
10 24
10 25
10 27
10 29
10 30
10 31
10 32
10 34
10 42
10 43
10 44
10 46
10 52
10 54
10 55
10 56
10 61
10 63
10 64
11 12
11 13
11 14
11 15
11 16
11 17
11 18
11 20
11 21
11 26
11 29
11 30
11 32
11 34
11 35
11 36
11 37
11 38
11 40
11 41
11 44
11 45
11 48
11 49
11 53
11 55
11 58
11 63
11 64
11 65
12 14
12 16
12 17
12 19
12 20
12 22
12 24
12 27
12 28
12 30
12 31
12 32
12 34
12 37
12 38
12 39
12 40
12 41
12 42
12 50
12 52
12 55
12 58
12 60
12 61
12 62
12 63
12 64
12 65
13 18
13 20
13 21
13 22
13 26
13 28
13 29
13 35
13 37
13 40
13 46
13 47
13 48
13 50
13 51
13 54
13 55
13 61
13 63
13 65
14 15
14 16
14 17
14 20
14 21
14 23
14 27
14 28
14 30
14 31
14 33
14 34
14 36
14 37
14 39
14 42
14 50
14 51
14 54
14 55
14 57
14 60
14 61
14 62
14 65
15 16
15 17
15 18
15 20
15 22
15 23
15 25
15 26
15 27
15 28
15 30
15 33
15 35
15 36
15 38
15 42
15 48
15 53
15 55
15 57
15 58
15 60
15 62
15 63
15 64
15 65
16 22
16 24
16 25
16 27
16 30
16 36
16 37
16 40
16 42
16 45
16 48
16 49
16 50
16 51
16 53
16 55
16 56
16 57
16 60
16 61
16 63
16 64
16 65
17 19
17 20
17 21
17 22
17 24
17 26
17 30
17 33
17 35
17 36
17 38
17 39
17 41
17 43
17 47
17 49
17 50
17 52
17 53
17 54
17 56
17 60
17 63
17 64
17 65
18 19
18 20
18 22
18 23
18 24
18 26
18 27
18 28
18 29
18 30
18 31
18 32
18 33
18 34
18 40
18 46
18 47
18 48
18 49
18 53
18 54
18 59
18 61
18 62
18 64
18 65
19 20
19 22
19 25
19 28
19 30
19 31
19 32
19 33
19 34
19 37
19 39
19 40
19 41
19 42
19 43
19 44
19 45
19 47
19 49
19 52
19 53
19 54
19 55
19 56
19 58
19 60
19 62
19 65
20 24
20 25
20 27
20 29
20 30
20 32
20 37
20 38
20 40
20 41
20 43
20 48
20 51
20 53
20 54
20 55
20 59
20 61
20 62
20 63
20 64
20 65
21 22
21 23
21 25
21 26
21 28
21 29
21 31
21 32
21 33
21 38
21 39
21 42
21 43
21 44
21 45
21 46
21 49
21 51
21 52
21 53
21 54
21 58
21 59
21 60
21 61
21 64
22 24
22 25
22 31
22 33
22 34
22 36
22 37
22 41
22 42
22 44
22 47
22 50
22 52
22 53
22 55
22 57
22 59
22 61
22 63
22 64
22 65
23 24
23 30
23 33
23 35
23 37
23 40
23 43
23 48
23 51
23 52
23 58
23 59
23 62
23 63
23 64
24 25
24 29
24 31
24 34
24 37
24 42
24 43
24 45
24 46
24 47
24 49
24 50
24 51
24 52
24 53
24 56
24 59
25 28
25 29
25 31
25 33
25 35
25 36
25 37
25 39
25 40
25 41
25 47
25 48
25 49
25 51
25 53
25 59
25 65
26 27
26 34
26 35
26 36
26 37
26 39
26 40
26 45
26 46
26 48
26 52
26 53
26 54
26 55
26 57
26 58
26 62
27 29
27 30
27 31
27 32
27 33
27 35
27 41
27 46
27 48
27 49
27 50
27 52
27 53
27 54
27 59
27 60
27 64
27 65
28 32
28 36
28 41
28 44
28 45
28 46
28 47
28 53
28 54
28 55
28 56
28 59
28 63
28 64
29 34
29 37
29 39
29 40
29 44
29 45
29 47
29 48
29 49
29 50
29 52
29 53
29 56
29 58
29 59
29 60
29 62
29 64
30 31
30 33
30 37
30 41
30 42
30 46
30 48
30 49
30 50
30 51
30 52
30 54
30 56
30 57
30 58
30 61
30 62
30 64
31 35
31 36
31 37
31 38
31 39
31 40
31 41
31 42
31 43
31 44
31 45
31 46
31 47
31 48
31 49
31 50
31 53
31 54
31 59
31 60
31 62
31 63
31 65
32 34
32 35
32 36
32 38
32 40
32 41
32 44
32 45
32 46
32 47
32 48
32 50
32 51
32 52
32 55
32 56
32 58
32 59
32 61
32 64
32 65
33 34
33 36
33 37
33 40
33 42
33 46
33 47
33 48
33 49
33 50
33 51
33 52
33 58
33 59
33 61
33 62
33 65
34 36
34 37
34 39
34 40
34 45
34 47
34 49
34 50
34 52
34 53
34 54
34 57
34 58
34 59
34 60
34 63
34 65
35 38
35 40
35 41
35 42
35 44
35 45
35 47
35 49
35 50
35 51
35 52
35 53
35 54
35 55
35 57
35 58
35 59
35 60
35 61
35 62
35 64
35 65
36 37
36 39
36 40
36 42
36 43
36 45
36 46
36 47
36 49
36 50
36 52
36 55
36 57
36 58
36 59
36 63
36 65
37 38
37 40
37 41
37 42
37 44
37 46
37 47
37 49
37 50
37 52
37 58
37 59
37 64
38 39
38 40
38 41
38 45
38 46
38 48
38 49
38 51
38 53
38 55
38 58
38 60
38 63
39 40
39 42
39 43
39 44
39 48
39 49
39 50
39 52
39 53
39 54
39 55
39 58
39 61
39 62
39 64
39 65
40 43
40 44
40 45
40 46
40 48
40 49
40 53
40 54
40 56
40 59
40 61
40 63
40 65
41 47
41 48
41 49
41 50
41 51
41 52
41 53
41 55
41 56
41 57
41 58
41 59
41 63
42 43
42 45
42 46
42 50
42 51
42 53
42 56
42 59
42 62
42 63
43 46
43 47
43 48
43 49
43 50
43 57
43 58
43 60
43 61
43 62
43 64
43 65
44 45
44 46
44 47
44 51
44 53
44 56
44 57
44 58
44 61
45 46
45 48
45 52
45 54
45 55
45 56
45 57
45 58
45 62
45 63
45 65
46 47
46 48
46 50
46 51
46 52
46 54
46 58
46 61
46 62
46 65
47 48
47 49
47 50
47 51
47 55
47 58
47 59
47 60
47 61
47 62
47 65
48 49
48 52
48 59
48 60
48 61
49 52
49 54
49 55
49 60
49 62
49 63
49 64
49 65
50 52
50 55
50 56
50 58
50 60
50 61
50 62
50 65
51 52
51 54
51 55
51 57
51 61
51 62
51 64
52 53
52 54
52 58
52 59
52 60
52 61
52 62
53 54
53 56
53 58
53 59
53 61
53 64
54 55
54 58
54 61
54 62
54 63
54 64
55 56
55 59
55 61
55 63
55 65
56 57
56 61
56 65
57 58
57 59
57 60
57 65
58 61
58 64
58 65
59 60
59 62
59 65
60 62
60 63
60 64
61 62
61 64
62 63
62 64
62 65
63 65
64 65
