#  40 node graph
1 2
1 4
1 7
1 8
1 16
1 19
1 23
1 25
1 27
1 28
1 32
1 35
2 3
2 8
2 9
2 11
2 14
2 15
2 22
2 23
2 24
2 25
2 27
2 28
2 31
2 33
2 34
3 5
3 6
3 10
3 13
3 19
3 21
3 22
3 25
3 26
3 28
3 30
3 31
3 34
3 35
3 37
3 38
3 39
4 5
4 6
4 7
4 8
4 9
4 10
4 13
4 14
4 15
4 17
4 18
4 20
4 21
4 23
4 24
4 26
4 27
4 28
4 30
4 32
4 34
4 37
4 38
4 39
4 40
5 8
5 9
5 12
5 13
5 18
5 19
5 20
5 24
5 28
5 30
5 31
5 35
5 36
5 37
6 7
6 9
6 11
6 12
6 15
6 16
6 18
6 26
6 27
6 29
6 30
6 31
6 32
6 35
6 37
7 9
7 11
7 13
7 17
7 18
7 30
7 38
7 39
7 40
8 11
8 15
8 20
8 21
8 22
8 25
8 28
8 29
8 34
8 39
9 10
9 12
9 15
9 16
9 22
9 23
9 24
9 25
9 26
9 28
9 29
9 31
9 32
9 33
9 35
9 36
9 38
10 13
10 20
10 23
10 30
10 31
10 32
10 34
10 37
10 38
11 13
11 14
11 15
11 21
11 22
11 23
11 27
11 32
11 33
11 34
11 36
11 40
12 13
12 17
12 18
12 19
12 20
12 22
12 23
12 24
12 25
12 30
12 32
12 35
12 36
12 38
12 39
13 14
13 15
13 17
13 18
13 22
13 23
13 24
13 25
13 29
13 30
13 31
13 32
13 34
13 35
14 15
14 17
14 24
14 26
14 29
14 33
14 35
14 36
14 37
14 38
14 40
15 17
15 20
15 21
15 22
15 24
15 26
15 27
15 29
15 35
15 37
16 17
16 19
16 20
16 21
16 22
16 28
16 29
16 30
16 31
16 32
16 34
16 35
16 36
16 37
16 39
16 40
17 18
17 20
17 23
17 25
17 27
17 29
17 31
17 35
17 37
17 40
18 19
18 20
18 21
18 22
18 25
18 27
18 28
18 30
18 31
18 32
18 33
18 34
18 35
18 40
19 20
19 21
19 22
19 24
19 27
19 29
19 32
19 33
19 37
19 38
19 39
20 21
20 22
20 24
20 27
20 28
20 29
20 31
20 36
20 37
20 38
20 39
21 24
21 25
21 26
21 28
21 30
21 31
21 32
21 33
21 35
21 36
22 24
22 30
22 31
22 32
22 33
22 34
22 37
23 24
23 25
23 26
23 28
23 29
23 36
23 37
23 40
24 28
24 29
24 30
24 31
24 32
24 34
24 35
24 37
24 38
24 39
25 26
25 27
25 29
25 30
25 32
25 34
25 37
25 39
26 27
26 28
26 29
26 30
26 31
26 33
26 36
26 38
26 39
26 40
27 28
27 29
27 30
27 31
27 32
27 33
27 35
27 36
27 38
27 39
27 40
28 29
28 30
28 33
28 34
28 37
28 40
29 30
29 33
29 35
29 36
29 37
29 38
29 39
29 40
30 35
30 38
30 39
31 32
31 34
31 36
31 37
31 38
31 39
32 33
32 40
33 35
34 36
34 37
34 38
34 40
35 36
35 37
35 39
36 37
36 38
38 39
38 40
